FrameOfData(
  frameno=794400,
  sets={
    b'target1': [
      (-3.3390750885009766, 0.472514271736145, 2.4649152755737305),
      (-3.3132941722869873, 0.4721282124519348, 2.5025436878204346),
      (-3.30621075630188, 0.47448939085006714, 2.4103198051452637),
      (-3.285965919494629, 0.472234845161438, 2.5188510417938232)],
    b'target2': [
      (-1.644458532333374, 0.561177134513855, 0.5027390718460083),
      (-1.6096994876861572, 0.5611013174057007, 0.6087558269500732),
      (-1.5810108184814453, 0.5615280270576477, 0.6146129965782166),
      (-1.5386929512023926, 0.5619351267814636, 0.5498775243759155)],
    b'target3': [
      (-1.1255412101745605, 0.47910258173942566, 3.2692172527313232),
      (-1.1183710098266602, 0.4787224531173706, 3.299999952316284),
      (-1.2147303819656372, 0.48393699526786804, 3.246335744857788),
      (-1.1902698278427124, 0.4836932420730591, 3.3593626022338867)],
    b'glasses2': [
      (-0.5400712490081787, 0.9468950033187866, 2.157457113265991),
      (-0.6929417848587036, 0.9486780166625977, 2.17935848236084),
      (-0.5334092378616333, 0.9539703726768494, 2.104631185531616),
      (-0.7146613001823425, 0.9574800729751587, 2.1370174884796143)],
    b'all': [
      (-3.3390750885009766, 0.472514271736145, 2.4649152755737305),
      (-3.3132941722869873, 0.4721282124519348, 2.5025436878204346),
      (-3.30621075630188, 0.47448939085006714, 2.4103198051452637),
      (-3.285965919494629, 0.472234845161438, 2.5188510417938232),
      (-1.644458532333374, 0.561177134513855, 0.5027390718460083),
      (-1.6096994876861572, 0.5611013174057007, 0.6087558269500732),
      (-1.5810108184814453, 0.5615280270576477, 0.6146129965782166),
      (-1.5386929512023926, 0.5619351267814636, 0.5498775243759155),
      (-1.1255412101745605, 0.47910258173942566, 3.2692172527313232),
      (-1.1183710098266602, 0.4787224531173706, 3.299999952316284),
      (-1.2147303819656372, 0.48393699526786804, 3.246335744857788),
      (-1.1902698278427124, 0.4836932420730591, 3.3593626022338867),
      (-0.5400712490081787, 0.9468950033187866, 2.157457113265991),
      (-0.6929417848587036, 0.9486780166625977, 2.17935848236084),
      (-0.5334092378616333, 0.9539703726768494, 2.104631185531616),
      (-0.7146613001823425, 0.9574800729751587, 2.1370174884796143)]
  },
  other_markers=[
    (-0.5384930372238159, 0.9541017413139343, 2.104153633117676)
  ],
  rigid_bodies=[
    RigidBody(
      id=1,
      position=(-3.3111367225646973, 0.47284168004989624, 2.4741575717926025),
      orientation=(-0.01497150119394064, 0.30596035718917847, 0.00927535817027092, -0.9518813490867615),
      markers=[
        (-3.3390750885009766, 0.472514271736145, 2.4649152755737305),
        (-3.3132941722869873, 0.4721282124519348, 2.5025436878204346),
        (-3.30621075630188, 0.47448939085006714, 2.4103198051452637),
        (-3.285965919494629, 0.472234845161438, 2.5188510417938232)],
      mrk_ids=(1, 2, 3, 4),
      mrk_sizes=(0.010574499145150185, 0.010168267413973808, 0.010848249308764935, 0.01069226861000061),
      mrk_mean_error=0.00010031523561337963,
      tracking_valid=True),
    RigidBody(
      id=2,
      position=(-1.5934655666351318, 0.5614355802536011, 0.568995475769043),
      orientation=(0.005089411977678537, -0.143668532371521, 0.01210065558552742, -0.989538848400116),
      markers=[
        (-1.644458532333374, 0.561177134513855, 0.5027390718460083),
        (-1.6096994876861572, 0.5611013174057007, 0.6087558269500732),
        (-1.5810108184814453, 0.5615280270576477, 0.6146129965782166),
        (-1.5386929512023926, 0.5619351267814636, 0.5498775243759155)],
      mrk_ids=(1, 2, 3, 4),
      mrk_sizes=(0.010611280798912048, 0.01049384567886591, 0.010114822536706924, 0.010592659935355186),
      mrk_mean_error=0.0001546454877825454,
      tracking_valid=True),
    RigidBody(
      id=3,
      position=(-1.1622285842895508, 0.4813644587993622, 3.293728828430176),
      orientation=(-0.006199587602168322, 0.9224352836608887, -0.031893301755189896, -0.38478270173072815),
      markers=[
        (-1.1255412101745605, 0.47910258173942566, 3.2692172527313232),
        (-1.1183710098266602, 0.4787224531173706, 3.299999952316284),
        (-1.2147303819656372, 0.48393699526786804, 3.246335744857788),
        (-1.1902698278427124, 0.4836932420730591, 3.3593626022338867)],
      mrk_ids=(1, 2, 3, 4),
      mrk_sizes=(0.009242779575288296, 0.009812500327825546, 0.010632624849677086, 0.010973193682730198),
      mrk_mean_error=0.0003672173770610243,
      tracking_valid=True),
    RigidBody(
      id=4,
      position=(-0.6204043626785278, 0.9517332911491394, 2.1447644233703613),
      orientation=(0.012551594525575638, 0.9973737001419067, -0.0022538339253515005, 0.07129712402820587),
      markers=[
        (-0.5400712490081787, 0.9468950033187866, 2.157457113265991),
        (-0.6929417848587036, 0.9486780166625977, 2.17935848236084),
        (-0.5334092378616333, 0.9539703726768494, 2.104631185531616),
        (-0.7146613001823425, 0.9574800729751587, 2.1370174884796143)],
      mrk_ids=(1, 2, 3, 4),
      mrk_sizes=(0.006323201581835747, 0.006536880042403936, 0.0, 0.006496874615550041),
      mrk_mean_error=0.0012326563009992242,
      tracking_valid=True)
  ],
  skeletons=[],
  labeled_markers=[],
  latency=15874.4990234375,
  timecode=(0, 0),
  timestamp=15874.4993666,
  is_recording=False,
  tracked_models_changed=False
)
